[abstract-background-biology-1426718.jpg]
text=1;346;216;to all who say febuary &#010;is an incomplete month&#010;go and ask your KG teacher&#010; how many days make a month?&#010;then you will know which month &#010;is overcooked(burnt plantain)&#010;tooo much of days is bad&#010;#the month of love&#010;&#010;&#010;abolo;Bahnschrift;0.089489,0.172908,0.072222,0.000000;v1,4291780653,4289145892,128.000000,1.000000,0.327103,1.000000,700,258,49152;;
backuphash=6061
textactive=1
